-1022435575
-1311753076
-1803419152
-113169607
1112390925
739741857
-439712760
1370774490
2072326011
1691550231
-496643838
1176606848
1483750685
1656574391
1996454459
2131692126
-1857442093
-1687108831
-1380554836
-667370324
-1585797264
-766965492
-911247423
-1754033334
-1403405034
2146296895
1319895484
1669213024
-982389186
108949590
-655583949
1892762878
-1961723520
-1874033676
2059162492
-1545001515
-1793914839
-562619664
-1314406062
-321112134
444732165
213874560
921684960
1140618292
1363906258
1670361946
1283654981
1590045131
-1478280192
2056708460
-942769194
-1777100703
-486395331
1010361805
1425053500
1102827927
1315760889
596022573
833630592
118676546
359233775
-838571482
-593852590
-1280133757
-1045671562
-1256219988
-1494942153
-1877552997
-2090911956
1029155510
1326403109
434693081
731612990
-2020393056
-1712757684
909554946
451673665
-162646778
-536409992
1573749811
-871374666
-1033712292
-1331090967
-2005345955
-872519753
-1256310281
-1504207766
-1389221341
-1620078946
-1983618232
2081081301
1807165230
1416624284
1178819651
1982611863
879803937
581507730
1357084422
1060426665
-640218901
809859246
502682640
-1234107133
2033497210
265937350
2123691882
1216908114
1523527647
-1534278759
-944305683
-650138370
180912704
1407226987
797330363
-442189859
-1109628855
151486114
322734234
1215689484
1014192903
1801795826
-582958258
-1743439624
-1979278117
-1602532920
-1842434769
1009385763
-1381014480
1755830814
1459555597
-725055334
-494492650
235109135
-1347600792
-1099965459
-885852813
-638807322
1733537206
1348355635
1586750110
168671635
390517765
632844520
160938143
401921369
641364452
788135883
1020828552
-223541454
1587175163
2117584881
1869195861
1624739121
687447466
917453077
1146967153
1511686123
1823941816
-955655844
-1857229341
1066850574
409471677
647178003
2093503348
-1960972257
1596168235
1844491717
-1548377778
-775946910
-1423331262
288914854
-1397871225
703375406
472124573
1180328201
950584742
1929656928
1696177803
1797063784
1567942924
1336954243
1109996149
883005286
652704754
387243085
962076891
722109504
500459988
-853887391
-221019698
-700659551
-403477490
1773727639
1986244824
-145673535
-444133587
317516280
1165905682
-264330092
-517929383
265937866
-1933058652
-670802170
-641899912
-1265690596
-960381823
257543600
815337522
-338229589
1719499770
2005409295
723355227
-1370111799
1551834397
-1981712407
2005914438
1834335954
1529158257
1083172167
780681528
632958876
307202247
2017178093
1777735010
-1669477496
-859919347
-1210351033
-366909742
-477668962
267760250
-278911615
-1508666647
-1202571418
-895984654
-656672647
-582549153
-276847152
-520105382
-844092485
-1083338954
-1349849231
-1722760451
-1969674866
1953626428
1072074794
766471100
1088779464
324475308
396042804
-1713461571
1813990203
2118971286
1352806812
1631572695
741501113
1113232653
-1618194577
-1381569628
2064418416
-1990974721
-424419911
-149651846
2101691879
-1755416039
-1432969075
-970401871
-1605268477
1257890121
499844844
-289953598
1094766039
-1264175568
-2099162461
784968229
1119048184
-1727725769
879113719
1069665454
570528046
-318068927
-1083618309
421298020
296312775
1465543464
755766924
1928864355
1217318289
-1907107558
1682146554
-1983295479
-319199118
-927752217
-764038293
-1460084626
-1615671838
-1904465035
-2093017861
-120968302
-357003409
1532981435
1293210662
1787629330
2027662255
-838707717
704706779
773718237
1683844443
1386400230
-121104846
1997640395
-1387069619
-1939484578
-1541472304
836803413
1195296273
1462527468
-454753957
-1834680323
1599215960
1688609792
-1180643852
-951293621
-1744991570
235063488
534277227
1759346272
842010886
2102536009
1455807025
-1623921906
-1041503636
1103129111
872533658
507814688
249758813
-447827655
1158489845
314720864
785414780
204453179
-642461634
-703674122
-473373590
-1289223383
-790675817
-2145928622
859971752
-1593246668
1472063903
628786457
-106418827
1244745350
535984649
-290121841
-1028735101
-559155091
-1371891829
-1139789002
399993539
-1746277654
1715636124
1038181673
978935321
-512021410
-869006896
-2032994553
1603315843
710983208
354390950
-1406516811
-1465501011
286843802
654577536
916106925
1146178074
1779996072
2013147507
-1626406552
-1335450601
-1954850239
-1654915582
905980412
1602640945
1914831120
-1493210422
-1784821753
-932532832
992252686
1808561245
1587960337
-1855635562
112962109
547085898
576774612
1027446669
1324858113
-2051299192
1468386333
-1508710090
2010188979
-1029528995
-1806973528
2056666397
1801428656
-388097617
1453651259
1169773412
839396354
-1288655275
-1578497080
214294910
-957722847
550896375
923283291
222911454
464779443
2049553821
-2016456472
1186123440
1416718893
-1229934934
203963857
849480396
1751742042
-1907473885
1155510087
-1950630658
1842489617
1418983061
575738384
960511982
973906886
736561019
1138538330
805496381
-1098939592
1533852944
1780963973
154310701
996179080
-940000510
348542112
775948179
1007461164
1371197064
1603037739
1253221239
1015351068
797240696
500451863
-979537007
2079416378
1847379089
-1843589999
-1225206200
-1591137623
1976292287
970674416
1939948667
-2026083407
1453427268
-1309488406
-2036829130
356913555
1791343761
1808301876
462891880
1681046686
-242919615
-1625214342
-1924788540
214601167
1092429579
862129047
1444933006
195659418
620214582
2033803700
-1960376945
1550362643
1859210468
-1850076127
2147184804
-1088033032
-1387508923
1416829332
954458738
1883427123
1719975351
225938330
-240233464
1265168832
484054179
1739565645
-1215903238
-2076941482
-1758486196
-1318169143
-978026923
1311182652
812766158
-2068318015
1692546288
1135702663
1885162466
156401098
-1722442286
848285764
-456805199
-1572685974
-621467438
-1396093833
-1794990862
2127965680
1755054460
296080269
892639914
654769743
1258833173
1027680647
811765706
280121450
-1816275325
-2046772471
1764196695
1533928928
-591861640
-822719245
-1715773046
-1953905369
258854137
-227470592
1029843977
1269024908
1911821616
-169796344
-943603770
1758900608
1465552520
871876547
1233646299
323028558
637217730
-1868213614
-1494515938
-1255466083
691602359
-129101814
823754616
-419205006
1040031245
-121465960
845284826
1151347286
547455022
542211982
235657987
-373943720
-994326428
-1284397616
-1851929032
1070574237
773490483
1549034406
-510366168
-852867756
2114135811
-598896965
1344121348
1992292172
1512814740
896469201
-1878180344
-114748528
217735931
164060309
958918740
-1872614253
-443361577
386137443
-1425639796
-1789768924
-103581706
-848543952
462969735
-311238123
-335615042
-635353085
609728523
1519943400
-470052436
-1864252756
686112700
963535054
-198638602
-925059326
388223895
-371650765
1372807193
-771825550
420288671
-697964449
-928035598
-1286958396
-594018892
1545370815
633475083
-2088186985
-1789235398
350023233
-544308315
-261413538
-1036951568
999641774
1888730750
-504642848
-743037323
-1874355219
343694563
1108097030
-1124915100
-1748691203
-1856173575
1239062862
735329499
-934578741
483233482
-316198600
547693419
1819144577
690055913
-1240520342
609485089
1586951590
-1819038260
1296785282
-280058998
1202463952
961229750
-2107488797
-593671685
-1334866302
1743655878
2136098365
-116377157
-526579499
1392209296
1028801086
-1665957553
176839931
-130828210
241231916
1015694466
-301586569
703110975
1478917050
-2050763020
855224673
-1972248500
-2127311408
296245380
-121678743
1326088442
1632118133
864406001
1139403449
-975016272
-1490407104
2033734997
-1963624241
1228321106
1377092422
1876360906
898632253
1129129399
-1745465648
-1171352768
1954777067
-2029867799
701068180
-762493667
-1086448001
-167113706
-465540989
-2010271649
2012123105
-1388283260
-1282860607
-746169925
554169521
-287764396
681444317
1047015281
1387878419
1623637790
-1292453789
-1905128202
1160415507
1553945504
198210293
173130779
639967857
-2016195117
-414529079
-1253005183
336264847
-1119195824
531395379
-672224483
1034118160
600999375
-218834291
-859056265
1779531303
-254743660
-504148519
-1729856159
531303152
-1610644323
-1016433282
-112424129
447234752
157260863
1232071087
-797178171
1456133674
-1110876662
-1015237692
2014667304
1407774709
517487623
1026840612
-541117654
1103343367
-317812360
266171635
-1911506140
-1599508758
-1673144434
117937566
-715761597
-1292107961
1868506246
-307572086
1686703834
-1486436861
-1811091999
-1705464857
414381867
-469188798
-1206261789
692621401
1395785293
-1019797200
-470043632
-258606099
-815100851
-1049748066
-1678203893
216058016
-1899700447
1145588217
1328476174
905412411
220464201
-1321513863
-1064703210
1456871344
1692906451
-1941798260
-1684659917
-1311224393
-1082988308
-1632128666
1879954451
-2127923636
1425546728
-686087632
-1455995291
-1142789189
-1917612194
2131325430
1354732899
1426038551
1790234506
2027449297
1751894780
1986979586
1138819559
-1303650629
-1046381210
-1882285631
-1658014595
-278012890
437072228
206542313
492058614
915630708
664063095
1371742419
1139246364
2115959178
1851415041
-481804777
-1692783172
-2065366702
-1096878907
-1470707659
1671347906
1497890897
1225252817
1457355644
1555138396
1794909169
1463549041
630003988
867579238
904904013
1146640926
1232168016
1480917495
1759945530
2075773152
-1938265507
-1287735315
-1075556040
-691962126
882096869
-1824918389
286158898
513444682
745055974
972964369
-633437593
210069236
824815676
1528202021
-1922799680
2109950078
575345035
1385493022
-680970140
1874848023
1524481875
1686557349
-1191085159
1254170394
2078572896
-1918622497
1996585790
1228382123
-1837288907
1678398800
-1898632479
1629376372
-1421745222
2038693951
-706823945
-1482302334
2046098313
-222738686
-520445051
1715973661
1417939606
1236333808
939020671
-1190341722
-1420838868
-626059070
-377657135
-556510337
-1867106492
253080573
847936230
605937165
1174217163
935953764
1439383740
1737876561
511693354
816739975
-872305365
764506185
-395024880
-1162999164
1131191455
1459798987
-1612327536
1368930550
174271117
-1249365151
-1486448866
-1265684109
-1527934416
-671614908
-902079285
-2087366784
1811292226
-170085011
-476704544
311324368
1592004555
-1242350092
-2092541809
1247733441
404816454
1859366826
535483310
355450424
843774054
568121226
-677854461
-1190558235
-422616720
-1671705458
-166822786
-1136949031
-746473627
481380819
854423115
-111312084
259043154
-1940801854
2144247228
1894055913
1134732645
-1019272036
-1258682350
-1464045673
-1721741089
-706622987
473211097
260376442
-1226320327
-1594774963
1418858899
-987532624
-762278522
1120726529
-163752737
-531027689
-150513761
858247143
540879378
-837155383
1080511143
841330212
619746234
-362340704
1016644354
768124258
522094606
-1530162314
380172067
490538355
782247993
-1763215206
-2061216492
1804313059
1770233299
293891914
-1015819466
-185027021
-1493362103
-691602980
108190051
-618036527
-252531101
-1080177738
1074308091
1782052953
1486804263
1767536202
1394493906
-2067190489
1854013593
-1674355717
-900056928
-1196944068
2017988817
-1925891413
-1669932754
-1854618826
-1489572166
-1277261823
-878856321
-663072456
-290423388
-1151887349
-1356519429
-1662876810
-1357895723
-1664515256
1673367857
-649036715
921871099
-2004629988
1648785826
875404657
-842215247
-545557490
-1658851500
2127671992
-1465809321
-1173182151
-293007031
1108097102
-1803330245
1586360657
788468276
-920205691
-364506077
1621664729
1504062927
-139298993
2011459766
-394901172
-1256307233
-1066132610
1761027891
-1570793392
1066936971
671246855
324816886
-1114751275
-593785970
1823107432
-609392205
-1302300594
-1641688020
165348604
327329668
1240573865
2110311226
986556497
-1396255064
1751095603
-298417810
-1852541008
-605059493
-991881300
1482802483
-396580245
458865344
1353196892
335706923
935751890
-989872401
-1652102815
1522734264
905145359
-1800903868
-1287478565
121357358
-1813455136
-1012501184
-2051558502
1699216902
-1593263042
1135217020
2099443940
279349627
-2004296049
-2138636292
830407103
-1501102629
653923311
246714254
-858848965
1548174078
260176910
1431721920
-991207887
978709540
-1870703971
-1052711563
2097888401
-2109216717
1584169018
-1859848501
384673414
-845520169
-929065888
-1460764788
1763956924
1767111198
679659265
-1695759342
-190059396
1992861278
1743612045
2087824799
-1446816212
159618901
108071114
1274957324
216400436
1454285007
379260241
1210183598
-1146250465
-517652658
-1455126610
-1690203856
-623505896
-1260979548
-1344907203
628046924
-1301297374
570902414
-1196479620
-555452660
796600532
1725924991
-443359090
-1992080007
1716986974
1581259710
-110737439
1798680809
-1493460605
-805904729
1758542420
1127536726
1257833707
252158897
1007672784
1462940301
458053641
1487112382
-2110064501
-1693806490
1130704980
2055318691
-1085080078
-853047347
-302617289
531857091
1064796048
-1346915115
-719247504
-1250118270
-1833736510
244054042
782984736
-1542434389
2007307173
692748669
1788479899
-1585178949
-141590900
309201771
1018143336
-788282769
-1165778402
926325555
-1299294553