-1
-1001088805
-1001879343
-1003644442
-1006484040
-1011675287
-1012501184
-101307780
-1014227710
-1015237692
-1015819466
-1016433282
-1018905335
-1019272036
-1019797200
-1021097824
-1022435575
-1023836894
-1027218631
-1028735101
-1028825138
-1029528995
-1033712292
-1033820921
-103581706
-1035884623
-1036951568
-1038180727
-103880010
-1040264653
-1040675994
-1041503636
-1042998822
-104419799
-104522675
-1045671562
-1046381210
-1046478848
-1049748066
-1050297663
-1050515545
-1052312640
-1052711563
-1053755588
-1054078030
-1054617826
-105492995
-1057062007
-105864377
-1060883544
-106188732
-1064150715
-106418827
-1064703210
-1064745738
-106474626
-1066132610
-1067273167
-106785870
-1069262641
-1069605356
-1070266858
-1075556040
-1076930708
-1077156170
-1080177738
-1081451803
-1082130432
-1082988308
-1083338954
-1083618309
-1085080078
-1085924656
-1086324736
-1086448001
-1088033032
-109201286
-1093199712
-1093320895
-1093740265
-1094110160
-1094177627
-1096878907
-1098463898
-1098939592
-1099965459
-1100963799
-1101107129
-1102348901
-1102979171
-1103087180
-1104467678
-1107212835
-110737439
-1109628855
-1109644434
-1110334219
-1110876662
-1111993876
-111312084
-1114751275
-1119195824
-1120664835
-1121608401
-1121973548
-1124222352
-112424129
-1124915100
-1125234127
-1125721545
-1127021384
-113169607
-1132721664
-1134718043
-1134853190
-1135378931
-1136949031
-1139789002
-1140081444
-1142789189
-1143510182
-1145658409
-1146250465
-1146898486
-114748528
-1148169320
-1148622755
-1149371373
-1151531743
-1151887349
-1153131610
-1153500935
-1155063075
-1155247245
-1157311665
-1158693853
-1159566286
-1161833819
-1162999164
-1163168163
-116377157
-1164942678
-1165778402
-1168085228
-1170681301
-1171352768
-1171924275
-1172900789
-1173182151
-1175948474
-1178847967
-1179283327
-1180597171
-1180643852
-1180954122
-1185346884
-1186079845
-1190341722
-1190558235
-1191085159
-1194253122
-1194470801
-1196479620
-1196944068
-1202555345
-1202571418
-1203263676
-1206261789
-1208257086
-1209329220
-120968302
-1210351033
-121104846
-1213480423
-1214243177
-121465960
-1215903238
-1216489292
-121678743
-1224479447
-1224924353
-1225206200
-1226320327
-1226939934
-1227654538
-1229934934
-1232446186
-1233539946
-1234107133
-1235341889
-1237331673
-1237936041
-1238079313
-1238276930
-1239008812
-1240520342
-1240902331
-1242350092
-124428919
-1249365151
-1250118270
-1253005183
-1253872621
-1254331310
-1254595574
-1255466083
-1255648076
-1255963777
-1256199288
-1256219988
-1256307233
-1256310281
-1258682350
-1259058037
-1260979548
-1261227861
-126291331
-1264141133
-1264175568
-126474752
-1264866159
-1265443416
-1265684109
-1265690596
-1265867558
-1266206361
-126744038
-1272390353
-1273030092
-1273554963
-1274466381
-1275967280
-1276678868
-1277157766
-1277261823
-1280133757
-1280672624
-1281264663
-1282504117
-1282860607
-1283689799
-1284397616
-1284867488
-1285013058
-1286958396
-1287478565
-1287735315
-1288655275
-1289223383
-129101814
-1292107961
-1292453789
-1293104550
-1293435817
-1294064142
-1294585740
-1294794502
-1295545795
-1296283045
-1297103179
-1297918507
-1299294553
-1299392133
-1301297374
-1302300594
-130330100
-1303650629
-1303831698
-1304782539
-1304863014
-1305304906
-1308138676
-130828210
-1309488406
-1310450530
-1311224393
-1311753076
-1314406062
-1316591359
-1318169143
-1321513863
-1321946741
-1323555093
-1327600182
-1330755006
-1330929520
-1331090967
-1331552374
-1332101528
-1332728730
-1334620800
-1334698325
-1334817410
-1334866302
-1335450601
-133784918
-1342064661
-1343063303
-1344907203
-1345423847
-1346915115
-1347600792
-1348555951
-1349095620
-1349849231
-1350601671
-1351518396
-1353862035
-1355259635
-1356519429
-1356579150
-1357895723
-1357982869
-135813048
-1358197432
-1359375127
-1359562501
-1361617046
-1361908447
-1362660491
-1363050950
-1364624791
-1367669206
-1368232964
-1370111799
-1370208168
-1371372177
-1371891829
-1376084479
-1376429730
-1377644258
-1377881127
-1378440190
-1380476051
-1380554836
-1381014480
-1381569628
-1382306730
-138350921
-1386676768
-1387069619
-1387253055
-1387508923
-1388283260
-1389155258
-1389221341
-1389227906
-1389296468
-1392113216
-139298993
-1393656615
-1393778125
-1396093833
-1396255064
-1397871225
-1398318418
-1402687483
-1403405034
-1403421822
-1405333444
-1406516811
-1408770955
-1412451274
-1412692765
-1412701404
-1413461985
-1413487868
-1414541879
-141590900
-1417472813
-1420838868
-1420909320
-1421663729
-1421745222
-1423331262
-1424651669
-1425639796
-1426452475
-1426920838
-1428643192
-1431958058
-1432969075
-1433968442
-1437380438
-144065466
-1444317046
-1445761968
-1446816212
-1451024071
-1454164346
-1455126610
-145547671
-1455995291
-1456048340
-145673535
-1458147123
-1459355092
-1459738914
-1459942896
-1459967458
-1460084626
-1460454152
-1460764788
-1463207620
-1464045673
-1465501011
-1465809321
-1468524125
-1469891622
-1470707659
-1472803019
-1478280192
-1480820165
-1481442367
-1482302334
-148359306
-1484196503
-1486436861
-1486448866
-1488490473
-1489572166
-1490407104
-1493210422
-1493362103
-1493460605
-1494515938
-1494913648
-1494927090
-1494942153
-1496386696
-149651846
-149943274
-1501102629
-150132268
-1501557515
-1502319666
-1502457334
-1504207766
-150513761
-1505466090
-1505531654
-1506181253
-1507971820
-1508666647
-1508710090
-1512986261
-1514257748
-1517722103
-1519143300
-1519736916
-1521260488
-1523701417
-1524227787
-1524589926
-1525625938
-1526509349
-1527934416
-1530162314
-1530341280
-1532467144
-153338634
-1534278759
-1534943023
-1535523991
-1535781637
-1537325299
-1537514669
-1539251588
-1541472304
-1542219060
-1542434389
-1543175077
-1544517404
-1544577870
-1545001515
-1545158297
-1545737048
-154732333
-1548377778
-1550271812
-155327337
-1553973350
-1558302804
-1558535687
-1559605744
-1560441083
-1563127729
-1564514525
-1564914501
-156745098
-1569615261
-157037136
-1570793392
-1571897224
-1572685974
-1574795641
-1575402180
-1576080766
-1577170969
-1578497080
-1579394494
-1582113158
-1583090922
-1583168030
-1585178949
-1585797264
-1586170317
-1586921397
-1588924374
-1589378882
-1591137623
-1593119440
-1593246668
-1593263042
-1594774963
-1595008258
-1599508758
-159960575
-1602143374
-1602532920
-1603643620
-1605268477
-1607682153
-1608528041
-1610210252
-1610644323
-1612327536
-1612659516
-1615671838
-1616226555
-1616616027
-161772432
-1618194577
-1619609833
-1620078946
-1620126302
-1621784842
-1623921906
-1624645348
-1624904155
-1625214342
-1626406552
-162646778
-1628917549
-1630978961
-1631467220
-1632128666
-1633367721
-163457395
-1634582150
-1634855663
-1634922370
-1636175450
-1636967950
-163738770
-163752737
-1640783640
-1641688020
-1644428107
-1645229221
-1645357950
-1647592474
-1648927660
-1650053602
-1650444620
-1650596870
-1652102815
-1652495122
-1652796292
-1654915582
-1655919948
-1658014595
-1658851500
-1659520475
-1661674318
-1662876810
-1664515256
-1665422117
-1665957553
-166822786
-1668872731
-1669477496
-1669932754
-1670085357
-167113706
-1671705458
-1673144434
-1673665405
-1674355717
-1674924399
-1678203893
-1679896800
-167996547
-1681513459
-1684141219
-1684659917
-1685128312
-1685832075
-1687108831
-1688270524
-1690203856
-1690651177
-1692702761
-1692783172
-1693570755
-1693806490
-1695759342
-1697146966
-169796344
-1700375831
-170085011
-1701692212
-1703406594
-1704488893
-1705464857
-170646606
-1712757684
-1712801863
-1713398555
-1713461571
-1715498868
-1715773046
-1716533184
-1717656125
-1717897145
-1718844562
-1721741089
-1722442286
-1722760451
-1723077437
-1723555419
-1724179014
-1724413081
-1725586079
-1727188163
-1727725769
-1728685474
-1729856159
-1731548750
-1733398043
-1737145605
-1737187390
-1737693112
-1740084098
-1742367823
-1743439624
-1743843866
-1744991570
-1745115353
-1745465648
-1746277654
-1746470518
-1748691203
-1748757854
-1752488069
-1754033334
-1754711324
-1755416039
-1755491431
-1756021720
-1758138102
-1758486196
-1759426263
-1762317998
-1762644250
-1763215206
-1766663691
-1766754442
-1766901922
-1769253417
-1772422771
-1772472848
-1773720288
-1775205375
-1777100703
-1778419425
-1779386385
-1782422910
-1784821753
-1788473129
-1789235398
-1789768924
-1790763503
-1793914839
-1794415470
-1794990862
-1796535835
-1796714665
-1797032505
-1798704273
-1799524201
-1800903868
-180141073
-1801524197
-1801835715
-1802215082
-1803330245
-1803419152
-1804415708
-1805228339
-1806973528
-1806994767
-1808679045
-1810173944
-1810806490
-1811091999
-1811456244
-1811763714
-1813455136
-1813535367
-1816275325
-1818214114
-1819038260
-1820089000
-1824918389
-1827353931
-1829436850
-1829708865
-1830957326
-1831032746
-1831288286
-1833136128
-1833736510
-1833860512
-1834046564
-1834680323
-1837288907
-183978087
-1842434769
-1842686353
-1843589999
-1846679754
-184885214
-1849753200
-1850076127
-185027021
-1851929032
-1852541008
-1853120870
-1854618826
-1855635562
-1855641493
-1855746761
-1856173575
-1857229341
-1857442093
-1857685192
-1858021855
-1858218221
-1859646258
-1859848501
-1860657737
-1860946021
-1863079210
-1864252756
-1867106492
-1868213614
-1870703971
-1871024115
-1871080926
-1871804242
-1871889645
-1872614253
-1872730803
-1874033676
-1874355219
-1877021049
-1877294236
-1877552997
-1878180344
-1880553180
-1881345484
-1881883123
-1882285631
-1882429354
-1884218406
-1885444887
-1886269559
-1888353435
-1890488166
-1892760262
-1894874368
-1894913652
-1898632479
-1899700447
-1900237971
-190059396
-1903783095
-1904298392
-1904465035
-1905128202
-1905793212
-190675437
-1907107558
-1907473885
-1911506140
-1913656173
-191498174
-1915191729
-1917602340
-1917612194
-1918051016
-1918622497
-1918884694
-1918967151
-1920622528
-1922554349
-1922799680
-1924788540
-1925089292
-192553902
-1925891413
-1926131466
-1926862253
-1927234115
-1928802392
-1928940176
-1933058652
-193532243
-1935818563
-1935908936
-1938265507
-1939484578
-1940582056
-1940606018
-1940718901
-1940801854
-1941798260
-1942147992
-1943984117
-1946435033
-1948815871
-194960989
-1950137670
-1950630658
-1952323495
-1952728474
-1953905369
-1953985443
-1954850239
-1955564771
-1957636585
-1959307238
-1960376945
-1960756985
-1960972257
-1961723520
-1963436932
-1963624241
-1964607937
-1965020851
-196693334
-196819768
-1969674866
-1970151306
-1970545882
-1971399614
-1972248500
-1972771543
-197292861
-1974105125
-197740536
-1978249822
-1978427516
-1978608003
-197910696
-1979278117
-1981712407
-1983295479
-1983618232
-1984782235
-198491687
-1985150258
-198638602
-1986583853
-1988820521
-1990183841
-1990561665
-199060273
-1990974721
-199126299
-1992080007
-1994188940
-1995004040
-1995737350
-199795525
-1998958772
-2000351603
-2001863325
-200276274
-2004296049
-2004629988
-2005216901
-2005345955
-2005911135
-2007378629
-2010271649
-2011032091
-2011407088
-2012069109
-2015326702
-2015399333
-2016195117
-2016202731
-2016456472
-2017925037
-2018141289
-2018911784
-2020393056
-2022625862
-2026083407
-2027116220
-2027658376
-2028958832
-2029280353
-2029825858
-2029867799
-2029941960
-203021367
-2031139496
-2032529561
-2032994553
-2036829130
-2037777407
-2039549601
-2043662707
-2043695058
-2043985265
-2046772471
-2047903390
-2050745227
-2050763020
-2051299192
-2051558502
-2052814106
-2053953039
-2057190659
-2059768433
-2060284818
-2060448515
-2061216492
-2061511942
-2063317122
-2065044930
-2065366702
-2067190489
-2068318015
-2068750132
-2069627026
-2072289654
-2073699514
-207536873
-2076941482
-207913414
-2079214831
-208439480
-2085313189
-2086556500
-2087366784
-2088186985
-2088611616
-208911803
-2090911956
-2091018568
-2091312957
-2092541809
-2093017861
-2095729091
-2097039789
-2097271118
-2097372400
-2097585147
-2097912099
-2099162461
-2100029000
-2100570639
-2101993413
-2102079126
-2102193800
-2103681004
-2105389038
-2105673342
-210570343
-210649598
-2107488797
-2109216717
-2110064501
-2111476785
-2112857171
-2116116146
-2119023917
-2120843997
-2121967344
-2122259638
-2122299283
-2122646867
-2123275866
-2125268726
-2125340572
-212607085
-2127272245
-2127311408
-2127416656
-2127923636
-212930257
-2129516738
-2129698061
-2130199671
-2132107540
-2133758469
-2138636292
-2139463761
-2141984028
-2142493902
-2142560346
-2143706301
-2145928622
-2147483648
-218834291
-221019698
-221807075
-222363842
-222738686
-223541454
-225779970
-227016798
-227470592
-228877647
-240233464
-242919615
-246772487
-248569395
-248599159
-249873544
-252283844
-252288934
-252323802
-252531101
-254061820
-254743660
-25668159
-258271821
-258606099
-258666538
-261413538
-264330092
-265260897
-266966516
-267001153
-268435456
-272570634
-274967190
-275944640
-276847152
-277368293
-278012890
-278510267
-278911615
-280058998
-281080954
-281772534
-283425237
-283806385
-286041193
-286053357
-287117190
-287764396
-288764223
-289953598
-290121841
-290423388
-290471766
-293007031
-293060240
-293141277
-293870941
-293975210
-294598082
-295628664
-295973913
-296738547
-297730813
-298417810
-300095184
-300268604
-301586569
-302617289
-306959144
-307572086
-308083083
-308826175
-309342924
-311112675
-311238123
-315200433
-315730573
-315914652
-316198600
-317812360
-318068927
-319199118
-319306689
-319403771
-320140460
-320891223
-321112134
-324618589
-324685246
-326501313
-327396719
-327918414
-328314869
-331307338
-331981076
-332709484
-333371252
-335572303
-335615042
-336686044
-336803850
-338229589
-343200197
-344656041
-346765569
-347507892
-351734117
-352022106
-352356931
-355737150
-357003409
-357928750
-358302761
-362150785
-362340704
-364095692
-364506077
-364624190
-366143778
-366909742
-368118722
-371221103
-371650765
-373943720
-374937855
-375556598
-377657135
-378796423
-380906832
-384612940
-385507297
-386163163
-388097617
-389441495
-393029685
-393291546
-394638198
-394901172
-395024880
-395173800
-395434754
-395939522
-396580245
-398286533
-399819255
-401740561
-401929277
-402286506
-403477490
-406807272
-407201236
-414529079
-414628673
-417116499
-419078879
-419205006
-420401959
-422616720
-424365493
-424419911
-430230173
-430894719
-431382051
-433440095
-439712760
-440373586
-441024140
-442189859
-442437494
-443359090
-443361577
-444133587
-444768985
-447711397
-447827655
-449254673
-449914319
-449920894
-454753957
-456805199
-457131900
-459199009
-460497471
-461129047
-461898059
-465540989
-466527264
-469188798
-470043632
-470052436
-472159671
-473373590
-474460880
-475361280
-476704544
-477668962
-478542030
-479442624
-481804777
-482815542
-482822209
-485989621
-486395331
-488332466
-489341117
-494492650
-494565059
-496458438
-496643838
-498267839
-501326705
-502321359
-503385713
-503392951
-504148519
-504642848
-504675202
-504884739
-507117574
-507271141
-507703841
-510198691
-510366168
-511187813
-512021410
-515263000
-516219046
-517447402
-517652658
-517929383
-520105382
-520445051
-522114287
-523908350
-526579499
-530593323
-531027689
-53249411
-533045314
-536409992
-538006270
-540039759
-541117654
-542924311
-544308315
-544423649
-545557490
-552467991
-553402192
-555452660
-556510337
-556608820
-557146095
-558386018
-559155091
-560772508
-561012053
-562619664
-562748873
-565026078
-565393970
-566554453
-566945538
-568677531
-576067948
-577385448
-577731549
-579043646
-579614639
-579696358
-579736112
-580979506
-582258758
-582549153
-582958258
-584843194
-585015832
-585718395
-585916570
-586014464
-587579047
-588495243
-590550810
-591861640
-592022605
-593671685
-593785970
-593852590
-594018892
-595055661
-598896965
-601653676
-605054530
-605059493
-606779525
-606979520
-609392205
-613221010
-614941005
-618036527
-618885793
-620589387
-621467438
-621770121
-623505896
-623761102
-626059070
-627896761
-631322662
-633437593
-634726636
-635192905
-635243160
-635256182
-635353085
-638546752
-638807322
-640218901
-641899912
-642461634
-642504299
-645147161
-649036715
-649242409
-650138370
-650925083
-652292269
-654914345
-655583949
-656672647
-660082779
-661030418
-661469924
-663072456
-663944335
-664141241
-664240901
-664597565
-667112754
-667370324
-667733386
-670802170
-671062876
-671614908
-672224483
-675158947
-675544753
-676709688
-677854461
-680687811
-680970140
-681886015
-682108547
-686087632
-688315369
-688768290
-688909641
-688917124
-691602980
-691962126
-693051863
-695202657
-695526893
-697248883
-697964449
-698575738
-700659551
-700899607
-703674122
-706622987
-706823945
-715761597
-716963152
-719247504
-721945579
-722798986
-722894325
-725055334
-725236090
-726819886
-726993043
-727278527
-730704868
-734816067
-736791602
-737207516
-739932302
-742053244
-743037323
-744392447
-746169925
-746473627
-747095812
-748439094
-750422305
-753436846
-754024203
-755199304
-761963282
-762278522
-762493667
-764038293
-764618726
-766965492
-767194175
-768734641
-769150882
-771825550
-774247272
-775946910
-779574408
-779640714
-783058030
-785215289
-785522583
-786182815
-788282769
-788753717
-790675817
-792102059
-792359778
-794264036
-795418380
-795611299
-797178171
-797692227
-797874817
-798222080
-800320369
-802638361
-802867954
-805397962
-805904729
-810585513
-811770997
-814847053
-815100851
-815546555
-818089340
-818353593
-821344206
-822719245
-824668791
-826072862
-828834893
-829097151
-831454114
-834353991
-834949342
-835664728
-837155383
-837798134
-838099166
-838571482
-838707717
-839590529
-840683112
-842062976
-842215247
-844092485
-845520169
-846816899
-848543952
-850297695
-852867756
-85289179
-853047347
-853632320
-853887391
-854106673
-856006867
-857817342
-858848965
-859056265
-859919347
-86015135
-861963864
-862188637
-864465775
-866087857
-866645446
-868063660
-869006896
-871374666
-871580373
-872305365
-872519753
-874851305
-875716015
-876012764
-876272163
-876847842
-877963371
-878856321
-880004050
-880529684
-881178956
-881249731
-882629065
-883876414
-884051216
-884803471
-885852813
-886368739
-887834944
-888786019
-890514874
-891234296
-893208491
-893867709
-89475933
-895984654
-896386602
-897071863
-897111558
-899802304
-900056928
-902079285
-905357460
-906704075
-910423651
-911247423
-913589546
-917106601
-920027322
-920205691
-924210258
-924777432
-925059326
-925491840
-927752217
-92797437
-928035598
-929065888
-930104477
-932532832
-934465332
-934578741
-936521800
-937165798
-940000510
-941009932
-942769194
-943603770
-944305683
-946336965
-946481156
-948648419
-951293621
-951899470
-955194636
-955655844
-956783728
-957722847
-958706838
-958731381
-959701407
-960381823
-961034881
-961282630
-961994186
-962075688
-966255893
-966790948
-970401871
-973415133
-974288740
-975016272
-978026923
-978620457
-978889113
-978943608
-979004785
-979045660
-979537007
-979598426
-980643760
-980672647
-982389186
-982394051
-987532624
-989872401
-990286235
-991207887
-991881300
-994326428
-997809055
9259259
1388889
1005459521
1007461164
1007672784
1008981770
100935796
1009385763
1010361805
1014192903
1015351068
1015694466
1016644354
1018143336
1018580481
1019352240
1020828552
1022400740
1023339598
1023703758
1026583336
1026645374
1026840612
1027446669
1027680647
1028443341
1028801086
1029155510
1029843977
1031194139
1031468061
1031532134
1033784760
1034118160
1035473541
1036376234
1036455748
1036831949
1038181673
1038796206
1039103469
1040031245
1040187392
1043675360
1044193113
1045117007
1045220557
1045499606
1046942762
1047015281
1048226110
1048471894
1048576000
1050551284
1052472386
1052642087
1056964608
1057653594
1059078548
1060320051
1060426665
1061027846
1061513000
106285031
1064796048
1064954035
1065353216
1066192077
1066850574
1066936971
1067618600
1069547520
1069665454
1070574237
1071644672
1071759151
1072049241
1072074794
1072902963
1073741824
1074272427
1074308091
1075770310
1075838976
1077936128
1078697514
1080033280
1080511143
108071114
1081847668
108190051
1082130432
1083172167
1084227584
108587959
1086204478
1086324736
1086853905
1088421888
1088779464
108949590
1090230363
1090833557
1091513068
1092429579
1092616192
1093140480
1094766039
1095946640
1096518579
1098907648
1099734529
1100715099
1100930183
1101004800
110135880
1101840180
1102827927
1103129111
1103343367
1103626240
1107404867
1108082688
1108097030
1108097102
1108198688
1108628223
1109393408
1109996149
1112014848
1112390925
1112802840
1113232653
1113956670
111412152
1114636288
111487556
1115203494
111573502
1115815936
1116120433
1118611807
1118780464
1119048184
1120403456
1120685857
1120726529
1121431731
1121792228
1123024896
1124933936
1125515264
1127536726
1128003138
1128792064
1129129399
112962109
1129884031
1130132825
1130704980
1131191455
1131991780
1132068864
1133148717
1133903872
1134491538
1134732645
1135217020
1135468152
1135702663
1137160120
1137180672
1138089938
1138538330
1138819559
1138851024
1139246364
1139403449
1140618292
1140746429
1144169546
1144300534
114441850
1145588217
114615666
1146178074
1146640926
1146967153
1148846080
1151347286
1152319488
1152623695
1155251207
1155510087
1157032667
1158489845
1160415507
1164668855
1165905682
116650151
1168079979
1169773412
1170568373
1172070503
1173654533
1174217163
1176255488
1176256410
1176606848
1178819651
1178893529
1179117826
117937566
1179783540
1180328201
1180397655
1181021470
1181339704
1182673174
1184127676
1184246191
1184770609
118598456
1186123440
118676546
1192107944
1195296273
119597033
1196301501
1199507682
1200466273
1201219326
1202463952
1203981056
1206354175
1206676025
1208502884
1208553146
1210183598
1210944597
121128995
121357358
121363233
1215689484
1216908114
1217318289
1220095570
122204512
1224385374
1225252817
122594043
1226259807
1227573907
1228120448
1228321106
1228382123
1230204399
1230953670
1231926496
1232071087
1232168016
1233646299
1236333808
1236591681
1237776332
1239062862
1240573865
1240683675
1241904665
1244745350
1246110729
1247733441
1250161120
1250500863
1252576609
1253221239
1253452001
1253978276
1254170394
1254945627
1257833707
1257890121
1258833173
1259065971
1259451318
1261538664
1262351523
1264126889
1265168832
1265272476
1267246609
1269024908
1269588273
1269593470
1274957324
1283654981
1283718111
1284356689
1284749450
1285068129
1287283076
1287308202
1288201657
1288610374
1289632992
1290081496
1290892874
1291882802
1292262760
1292317344
1293210662
1296785282
1299163764
1301046174
1301167921
1302710489
1311182652
1312259490
1312689981
1315480201
1315760889
1316161270
1318109140
1318408828
1319895484
1323778901
1323899940
1324051317
1324825358
1324858113
1325471842
1326088442
1326403109
1328476174
132940066
1329416008
133011888
1331611678
1333229624
1333960556
1334658487
1334973973
1336954243
1337731455
1341041543
134217728
1344121348
1344549371
1344911780
1347433368
134811393
1348355635
1349151477
1351790032
1352749757
1352806812
1353196892
1354732899
1354987415
1355427440
1356455728
1357084422
1359156274
1359496775
1362354647
1363906258
1363941829
1364343923
1368930550
1370774490
1371197064
1371742419
1372807193
1377092422
1379992943
1382347031
1382825971
1383966341
1385493022
1386400230
1387715942
1387878419
1389004292
1391004277
1391861344
1392209296
1393527098
1393757853
1393952729
139421579
1394405165
1394493906
1395785293
139661647
1397054619
1398379561
1403601067
1406998518
1407226987
1407278493
1407774709
1412165819
1412626052
1414674366
1414847412
1416466158
1416624284
1416718893
1416829332
1417775309
1417939606
1418858899
1418983061
1421531240
1423699487
1425053500
1425546728
142588354
1426038551
1426332252
1428501742
1428638557
142887261
1429513766
1431165458
1431721920
1436896760
1439383740
1443296302
1443536758
1444933006
1445302971
1451670900
1452778049
1453427268
1453550531
1453651259
1454285007
1454395444
1455807025
1456133674
1456336509
1456871344
1457215508
1457355644
1458249413
1459176382
1459555597
1459798987
1462527468
1462940301
1463549041
1463809799
1464947154
1465543464
1465552520
1466027815
1467980301
1468386333
1470319061
1471205329
1472063903
1473729112
1474183246
1474196698
1476056117
1478917050
1480281490
1480707108
1480917495
1481334539
1481467037
1482802483
1483750685
1486804263
1487000041
1487112382
1487374207
1487704245
1487771192
1491498856
1492612435
1492827103
1493430918
1496005418
1496061658
1496367840
1497890897
1499591406
150164177
1502197825
1504062927
1505522179
1507953314
1508411869
150902083
1509710336
1511686123
1511747875
151235226
1512499951
1512814740
151486114
1515298550
1515774909
1519943400
1522734264
1523200998
1523527647
1524481875
1525644423
1525977990
1528098484
1528202021
1529158257
1529812051
1532233739
1532981435
1533852944
1533928928
1538555582
1538832911
1539235915
154005594
154310701
1545327916
1545370815
1548174078
1548197805
1549034406
1549424756
1550217370
1550362643
1551834397
1552218390
1553945504
1555138396
1555434750
1555999200
1561697334
156401098
1564537328
1564962536
1565033664
1567942924
1568659720
1568704524
1569084155
1569794095
157260863
157332630
1573749811
1576922578
1577781788
157842321
1581259710
1584169018
158466873
1584862051
1586360657
1586377801
1586750110
1586951590
1587175163
1587960337
1590045131
1591662636
1592004555
1592055387
1593344440
1593865956
1595446967
1596098910
1596168235
159618901
1597255969
1598111276
1599215960
1599513032
1602640945
1603037739
1603315843
1603728616
1608500665
160938143
1612072658
1620609399
1621664729
1622617611
1623637790
1624583700
1624739121
1626372568
1626430110
1626848138
1629376372
1629554077
163148036
1631533003
1631572695
1632118133
1634862418
1640596832
164060309
1643659499
1645628752
1645942449
1646172266
1647886517
1648487071
1648785826
1652005275
1652884147
165348604
1654525105
1654961868
1655089132
1656574391
1658299413
165851274
1661506222
1663604177
1665941600
166687949
1668106976
1668610896
1669213024
1670361946
1671347906
1671535231
1673236337
1673367857
1673605511
1673851512
1676381454
1677031375
1678112166
1678398800
1678944065
1679064921
1681046686
1682146554
1683844443
1684213996
168605490
168631071
1686557349
1686703834
168671635
1686929951
1688609792
1689042312
1689536818
1691320048
1691550231
1691792976
1692546288
1692906451
1693751655
1693910648
1696177803
1696910411
1696925070
1697066635
169752047
1698417709
1699216902
169965357
1701289268
1702259548
1704445500
1704682300
1705208746
1705449672
1707999517
1711471446
1715636124
1715697304
1715973661
1716116640
1716986974
1717532765
1718438689
1718520498
1719499770
1719975351
1723095415
1725018142
1725561361
1725924991
1726668277
1728933181
1728961844
173130779
1733537206
1734805203
1735990218
1736361794
1736933716
1737862462
1737876561
1738037329
1739565645
174271117
1743612045
1743655878
1744317449
1750120734
1751095603
1751742042
1751894780
1752276768
1752834575
1753976524
1754365518
1755054460
1755830814
1758542420
1758900608
1759346272
175962497
1759945530
1761027891
1762075743
1763956924
1764153335
1764196695
1765671336
176592536
1767111198
1767220965
1767536202
176839931
1770233299
177277287
1773088812
1773727639
1774176944
1775876058
1776174799
1777735010
1779531303
1779900232
1779996072
1780666425
1780963973
1782052953
178228075
1785177548
1785243678
1785846048
1787576850
1787629330
1788479899
1789019544
1790234506
1791239368
1791343761
1791760933
1794909169
1796789379
1796834809
1797063784
1798680809
1801005357
1801139578
1801428656
1801795826
1802228821
1802742206
1804313059
1804701345
1805844857
1807165230
1808301876
1808561245
180912704
1810506918
1811292226
1812993824
1813990203
1814420683
1815504139
181550506
1815541181
1815791016
1817041223
181719256197
1818642426
1819144577
1821773280
1823107432
1823941816
1824470811
1824588341
1826287067
1830317648
1831188492
183249434
1834335954
1835331655
1835440739
1835478660
183628986
1839532116
1840510598
1841102407
1842108922
1842489617
1843531873
1844491717
1844968929
1845931212
1847379089
1848090267
1848340361
1848798713
1849449579
1850983186
1851415041
1852024236
1852297978
1852683340
1854013593
1854776567
1856233479
1856271834
1859210468
1859366826
1860847426
1862507111
1863218823
1864522104
1865524314
1868043300
1868506246
1869195861
1869490922
1873477305
1874339751
1874848023
1874948872
1875475066
1876055757
1876360906
1876735830
1876780262
1876941831
1879355433
1879954451
1882254284
1882489548
1883427123
1884872695
1885162466
1888730750
1888753218
1891185217
1892460036
1892762878
1893144650
1894055913
1902048492
1902558538
1904247246
1904358463
1906257130
1906937290
190769267
1908477970
1909041158
1909403766
1911821616
1914831120
1915520024
1917201302
1919748918
1921359825
1924582434
1925965142
1927277417
192802802
1928864355
1928908688
1929656928
1931729587
1934384720
1934825517
1936261735
193736350
1939096809
1939948667
1940862352
1941570214
1943054478
1947908235
1948102096
1948764112
1950528552
1951546856
1952643559
1952696026
1953626428
1953795856
19543886
1954777067
195659418
195735895
1961641934
1963750528
1964815381
196632624
1968047773
1968521986
1970458112
1970727231
1972181794
1975453628
1976292287
1976384368
1976429759
1980445908
1980808685
198210293
1982372647
1982611863
1982688246
1983375900
1983458449
1983847961
1984535675
1986244824
1986432421
1986979586
1990888653
1992292172
1992861278
1992968846
1995147524
1996454459
1996585790
1997640395
1998711527
1999872275
2001522426
200165314
2003474700
2005409295
2005914438
2006289597
2006544302
2007307173
2010188979
2011459766
2011910758
2012123105
2012870641
2013133834
2013147507
2014020228
2014667304
2017074594
2017178093
2017988817
2020955306
2022251829
2027449297
2027662255
2029217702
2029894551
2031532699
2031587082
2033497210
2033734997
2033803700
2035612943
2037418897
2038693951
2039302543
203963857
2040481435
2040597473
204301578
2043854386
204453179
204467342
2045264534
2046098313
2046930518
2047070410
2047599429
2048169112
2048696626
2049553821
2050093329
2050320631
2052293944
2052610452
2055318691
2056666397
2056708460
2059162492
2060158420
2060837813
2064418416
2064649238
206542313
2066263971
2068232770
2072326011
2072609373
207387849
2073943693
207520818
2075773152
2077901353
2078572896
2079416378
2080374784
2081081301
2081647379
2082069102
2082291103
2082335140
2087393664
2087824799
208811003
2091054634
2091781849
2092301321
2093244291
2093415191
2093503348
209469411
2097888401
2099238988
2099443940
210069236
2101691879
2102536009
2104696341
210751841
2107887651
2108234284
210955503
2109950078
2110311226
211261077
2114135811
2115376961
2115959178
2117376854
2117584881
2118971286
212192855
2123248618
2123691882
2127671992
2127965680
2127970567
2131309714
2131324797
2131325430
2131692126
2132044812
2134119907
2134952631
2136098365
213874560
2138977496
2139749749
2139876785
214294910
214382700
2144247228
2145600624
214601167
2146296895
2146505927
2147184804
2147483647
215608230
216058016
216120498
216400436
217646625
217735931
220464201
2208438012482
222911454
224793881
225778816
225938330
231702487
232536303
235063488
235109135
235173372
235657987
236292243
238944633
241231916
242597641
242628503
2432524127
243782214
244054042
244232650
244839736
246714254
249758813
252158897
253080573
257543600
258854137
259043154
260176910
260376442
26071989
261460130
261851994
262692161
263457470
263697093
264393301
265295240
265937350
265937866
266171635
266329404
267760250
268435455
268435456
268435504
268924934
269396419
269661324
270540800
270858397
271401846
271580776
271773129
272160153
276760874
277665518
278208236
279349627
279877222
280012083
280121450
283073712
283351220
285918879
286158898
286843802
287993374
288914854
289098304
290327540
291576838
293658945
293891914
294222157
296080269
296245380
296312775
296878074
300677115
301304410
301606138
302307081
304766261
307202247
307252627
309201771
310284501
311232516
311324368
312105838
314326195
314720864
315726795
317516280
320271598
320808683
321958971
322734234
323028558
323449272
323606053
324475308
324735451
324816886
325801797
327022968
327329668
330919319
333688626
333966447
335056082
335706923
336264847
337552605
342137938
343694563
344139310
345389905
348542112
349628053
350023233
354390950
355450424
356913555
357925343
359233775
359647189
361296041
363383562
365015981
366672791
372934623
374310965
378881989
379260241
380172067
382246252
383923929
384673414
385659812
386137443
387243085
388223895
389984559
390517765
390620314
390655118
393059668
393400788
394110044
394338472
395122350
396042804
397731595
398786301
399993539
401921369
402112378
402505853
402531967
403506509
404057594
404816454
404981951
405003206
405233317
409049982
409471677
411930333
412198396
414381867
415781684
416134852
418772613
419615486
419800513
420288671
421298020
421926217
423632692
424346598
426439576
427189399
427649113
432289043
4325045427
434693081
435841678
437072228
437243648
437291904
439654277
43998228229
440819155
443347049
444732165
445517202
446436902
447234752
451427308
451673665
452144164
453354631
453416427
454359403
455724956
456150551
457472151
458053641
458865344
459577145
461257239
461575135
462608346
462891880
462969735
463142405
463679676
464779443
465617672
470431182
472124573
472386554
472658729
473211097
474241973
474675599
476981677
478352891
481380819
481748657
482851755
483233482
483557159
484054179
489253432
489303882
489680504
490538355
491221766
491835487
492058614
492986650
494227972
499392523
499821790
499844844
500216265
500451863
500459988
502682640
506328157
506750037
507814688
510811171
511433871
511693354
513444682
517487623
521808240
522094606
523316919
526625102
527506656
531303152
531395379
531857091
534277227
534621945
535076355
535457934
535483310
535984649
536104902
536870912
537254313
537455378
537992046
539878179
540561290
540879378
542211982
543367897
543957972
544453591
546077535
546222390
547085898
547455022
547693419
548647789
550896375
550898518
553507495
554169521
554788825
55945594
560675770
560777268
561209474
561619447
562283735
563273144
563463121
566095077
566785691
568121226
568464183
569170531
570528046
570902414
571975921
573386155
575345035
575536427
575738384
576774612
577103188
578111221
578566072
580667351
581507730
581564040
581643489
586682313
588062221
588276502
589125870
590034952
592075073
592152676
592672421
596022573
596316001
599407357
599745705
599804707
600826426
600999375
603298940
603801989
605522539
605937165
606720730
609485089
609728523
610754913
613961892
614688123
614830530
618167454
619062671
619746234
620156114
620214582
620358850
625186562
627031665
62724267
628046924
628786457
630003988
632844520
632866738
632958876
633381844
633475083
634375935
637217730
639967857
641364452
645708827
646414519
647178003
649820567
650665123
651581727
6520288061
652704754
653048039
653923311
654577536
654769743
654913086
657241867
660577126
663093519
663790845
664063095
664194822
664813913
665109499
665993525
666930369
667682830
667714507
670897506
671246855
673634335
67506996001
676807987
679659265
679931529
680372824
681444317
682985101
686112700
686471183
686731979
687111670
687447466
690055913
690300106
690584884
691194019
691372038
691602359
692621401
692650692
692748669
696556762
697971620
698422331
699203004
701068180
701433751
703110975
703375406
703685375
704362450
704706779
709062000
710983208
711356870
711665950
711794453
713668775
714115627
718469467
718859568
721743520
722109504
722226637
723355227
729219509
731612990
735329499
735926241
736561019
736950162
739741857
740289177
741501113
742499889
745055974
745160145
745417724
746174211
746340429
747239331
748799057
750871581
754615490
754906538
755766924
756249235
756894459
758345384
758827473
759145763
761086883
763367758
763780711
764506185
764880855
765961690
766471100
766526323
767015277
767093387
767907967
768124258
772451189
773379342
773490483
773564670
773718237
775948179
776026812
777706678
780681528
782247993
782482084
782952727
782984736
784968229
785414780
787212877
788135883
788468276
791591422
79204191
792242250
792295685
795086509
796600532
797240696
797330363
797866139
801899620
801975945
802674214
805496381
805839021
808968826
809859246
810099095
811765706
812766158
812926555
815337522
815879628
816739975
817462737
818280646
818790301
821188852
822107832
823754616
824622151
824815676
827308208
830407103
831620593
833630592
834334597
835976347
836803413
837955913
839396354
840126464
841330212
841723217
842010886
842421441
843774054
844330594
845284826
847936230
848090538
848285764
849480396
849648283
851611219
851760338
852473920
853633277
854126185
854423115
854691493
855224673
858247143
859971752
860257085
860620540
862129047
864406001
866195451
867579238
870439158
871876547
872533658
872704284
8739086740
874231330
874970509
875404657
879113719
879803937
882096869
883005286
884092977
886342847
887436501
887471412
887872455
892388724
892639914
896469201
897332612
898632253
9034162368
904342475
904904013
905145359
905412411
905980412
906783243
908816193
909554946
914079366
915199168
915630708
916106925
916547552
917453077
921207440
921684960
921871099
923283291
923419301
923548566
923867936
925407197
926325555
927130819
930112872
93449446
935751890
935953764
938500758
938997823
939020671
939907746
941287179
942560409
943188950
943854909
948508314
948740834
949391213
950584742
953788165
954458738
954502846
957786634
958918740
959761548
960511982
960812448
961229750
962076891
962903813
963535054
963876966
964613260
968073639
968151281
968344509
969472089
970674416
970679185
972964369
973279522
97362811
973906886
975696266
978008641
978709540
978935321
980623936
980726932
9853296731
986556497
987469656
988790432
989443413
992252686
993990561
996179080
997414134
997614074
997710829
999156519
999641774
999845208