-1872730803
1624583700
-1408770955
214382700
-1103087180
-1275967280
589125870
1565033664
-896386602
-582258758
606720730
915199168
2073943693
1624583700
-1408770955
214382700
-1275967280
589125870
1565033664
-896386602
-582258758
606720730
915199168
2073943693 
1975453628
1835440739
1843531873
1459176382
-585015832
589125870
1982372647
-1762317998
2037418897
-1971399614
-840683112
1039103469
-1925089292
2145600624
578566072
1665941600
-1121608401
231702487
-887834944
709062000
699203004
-192553902
1287283076
1865524314
1645628752
1337731455
-1064745738
-1681513459
121128995
915199168
-1881883123
-577731549
1591662636
2132044812
280012083
-1103087180
-130330100
-857817342
-1069605356
134811393
1101840180
-1723555419
544453591
-1460454152
-2122259638
301606138
884092977
-1766754442
-1148169320
-1363050950
1391861344
-1558302804
-1042998822
-1577170969
-170646606
2045264534
-2001863325
-881249731
754906538
-1927234115
-1203263676
-1724179014
-1519736916
453416427
923867936
-1208257086
-2097912099
747239331
2017074594
1565033664
163148036
999156519
-153338634
404981951
-210649598
2087393664
-1094110160
491835487
-1583090922
-1685832075
114615666
-980672647
1230204399
840126464
-1624904155
1288610374
802674214
-638546752
1564962536
122594043
-1801524197
-1833136128
293658945
-150132268
-1690651177
-1145658409
573386155
-2029825858
756249235
-2111476785
-1067273167
-1998958772
-406807272
-730704868
-566945538
-1725586079
-540039759
-1588924374
-352022106
703685375
-2047903390
-210570343
-959701407
1224385374
-1444317046
-688909641
-797692227
1752834575
-2029941960
168605490
1463809799
-507703841
1728933181
773379342
1725018142
-1860657737
-277368293
-1151531743
619062671
1285068129
168631071
-1297918507
1968047773
-2037777407
-2018141289
1936261735
2073943693
-896386602
1856233479
930112872
-587579047
-1704488893
1532233739
-1275967280
214382700
1995147524
-1737693112
1081847668
-1277157766
-868063660
-1281264663
1359496775
1693910648
-737207516
1752276768
1492827103
-1213480423
405233317
1334973973
-1233539946
1302710489
-1715498868
997710829
-203021367
-290471766
1325471842
-394638198
-767194175
-306959144
-1408770955
-2043985265
-936521800
-1238276930
177277287
-1650053602
-1153500935
526625102
-582258758
-876272163
536104902
-1481442367
-1265867558
-590550810
938997823
-744392447
-560772508
-1775205375
-1185346884
1673605511
470431182
606720730
150164177
-601653676
-1294585740
-336686044
1421531240
1776174799
1237776332
472658729
424346598
-726819886
236292243
-1758138102
1199507682
969472089
-1970545882
-1334698325
1331611678
1705449672
142887261
285918879
-1712801863
1767220965
632866738
-1014227710
1569084155
1364343923
1362354647
330919319
1598111276
263697093
-449254673
-906704075
-343200197
-1367669206
1262351523
1172070503
-1028825138
-956783728
1397054619
687111670
761086883
-460497471
1414847412
-966255893
-1393778125
323449272
-145547671
-794264036
-246772487
-1323555093
-1959307238
-2029280353
1696925070
-753436846
-661469924
-1472803019
271773129
321958971
1059078548
-768734641
-1553973350
-2105673342
324735451
-1431958058
1704682300
-1884218406
-1264141133
482851755
-1484196503
-1163168163
-1926862253
1655089132
887872455
-577385448
1050551284
-698575738
-1283689799
445517202
1428638557
150902083
-1920622528
1324051317
2093244291
492986650
-635243160
-2012069109
-824668791
1487000041
-700899607
224793881
-89475933
79204191
93449446
2147483647
283073712
-315200433
157842321
-85289179
97362811
-92797437
62724267
55945594
-53249411
19543886
-25668159
-86015135
-2097271118
26071989
-1692702761
2091054634
1356455728
-725236090
-485989621
711356870
111487556
588276502
1184770609
359647189
1545327916
954502846
-893208491
-1661674318
-1624645348
620358850
122204512
-645147161
-375556598
1841102407
831620593
1129884031
2092301321
580667351
1538832911
-1355259635
-1583168030
-1831032746
-2060448515
-364095692
-606979520
-1057062007
-1253872621
-1525625938
603801989
432289043
176592536
-126291331
2093415191
1383966341
1061027846
610754913
1856271834
151235226
1292317344
1592055387
1389004292
459577145
697971620
-157037136
-861963864
-496458438
-1356579150
-1125721545
-2065044930
-346765569
-734816067
-961282630
1134491538
842421441
523316919
158466873
1789019544
1426332252
1178893529
-1101107129
-1790763503
-1550271812
-384612940
-866087857
-623761102
1075770310
342137938
599407357
335056082
1164668855
-424365493
-1995737350
2052610452
745160145
238944633
-1894874368
-1050515545
-1296283045
-254061820
-482822209
-1148622755
499821790
132940066
-368118722
-1265443416
676807987
1888753218
272160153
-552467991
1593344440
-1655919948
546222390
-917106601
1983375900
1595446967
-620589387
-530593323
383923929
561619447
-1703406594
-1913656173
-398286533
-1766901922
2091781849
1835331655
1824588341
-1650596870
242597641
1231926496
566785691
-1506181253
-2091312957
-1737145605
-2079214831
1673851512
1359156274
1023339598
1904247246
-163738770
-1351518396
1863218823
-797874817
333966447
-385507297
1412626052
2011910758
-1953985443
1631533003
-1124222352
1493430918
-1806994767
-196693334
-1445761968
553507495
2003474700
-308083083
1121792228
667714507
-1424651669
-1610210252
-1454164346
-417116499
-779574408
1246110729
-1361908447
461575135
1250161120
-386163163
1288201657
-1414541879
111412152
1443536758
1333229624
-1665422117
1100930183
-1595008258
-627896761
1873477305
196632624
-1644428107
1108198688
810099095
300677115
262692161
-1684141219
390655118
-479442624
-542924311
1696910411
-1259058037
1980445908
-1882429354
-1235341889
-1544517404
-1459967458
-1238079313
1753976524
314326195
1019352240
1774176944
1363941829
-328314869
-1903783095
-1674924399
-106785870
-344656041
1480281490
-2097372400
118598456
-1386676768
1464947154
-1282504117
-1877294236
736950162
-1524227787
-2057190659
1963750528
1470319061
-1940582056
-951899470
2048696626
337552605
100935796
1387715942
-1871804242
1603728616
-742053244
758827473
325801797
-1946435033
1725561361
511433871
-1560441083
-1170681301
660577126
-818089340
1052642087
-1178847967
-197292861
-1918884694
-1389296468
-1619609833
-1559605744
1948764112
1099734529
1875475066
-2027116220
973279522
437243648
-1636967950
-1759426263
1702259548
1471205329
-1364624791
2048169112
-2132107540
1116120433
-652292269
-1179283327
860620540
-880004050
2104696341
-1952728474
-1134718043
-440373586
-1035884623
1289632992
1152623695
1705208746
-2016202731
474241973
1549424756
1915520024
-654914345
-1745115353
1466027815
-161772432
363383562
1291882802
-281772534
-837798134
-800320369
1586377801
-1514257748
-1023836894
-1974105125
-558386018
-252323802
927130819
-978943608
452144164
691194019
-1960756985
1492612435
1181339704
-1349095620
686471183
310284501
1323778901
722226637
1934384720
-362150785
1854776567
-208911803
-664141241
-882629065
-1620126302
-1829436850
-447711397
1416466158
-1804415708
-324618589
1044193113
1862507111
-682108547
1118611807
987469656
-834353991
1456336509
872704284
409049982
394110044
1693751655
2031587082
960812448
-1756021720
-1132721664
1284356689
-2122646867
2134119907
1717532765
-913589546
1802742206
-1810806490
-631322662
-838099166
-1728685474
-1358197432
1107404867
301304410
-1254331310
740289177
916547552
-1645229221
-585718395
-1359375127
454359403
-982394051
1643659499
-2072289654
650665123
1654961868
-876847842
-2122299283
366672791
283351220
291576838
1182673174
-516219046
1036455748
277665518
2043854386
1839532116
1022400740
1940862352
-1389227906
711665950
1704445500
1515774909
1173654533
-899802304
-663944335
1208553146
-613221010
-671062876
-407201236
-754024203
-1885444887
1931729587
1064954035
-180141073
2131324797
1612072658
-517447402
1948102096
1108628223
-1834046564
-1239008812
-222363842
-1276678868
1564537328
742499889
2050093329
-1752488069
634375935
1850983186
763367758
1941570214
665109499
-1330755006
1976384368
268924934
1869490922
-336803850
-1412692765
618167454
980623936
437291904
-135813048
-930104477
-1420909320
-1733398043
-1892760262
-1545737048
2039302543
402505853
-1143510182
1678112166
837955913
-1532467144
1815541181
-1027218631
-1398318418
1652884147
-1216489292
-352356931
-990286235
563463121
1734805203
941287179
-1186079845
-1985150258
-1127021384
-109201286
312105838
1982688246
-661030418
1301046174
-1586170317
393059668
-1077156170
1780666425
-2043695058
-1922554349
1287308202
691372038
1480707108
1512499951
562283735
-154732333
-1362660491
645708827
767907967
-1970151306
718859568
-1955564771
892388724
-1426920838
1349151477
1620609399
1961641934
210955503
1736933716
-1468524125
111573502
1525644423
968073639
1577781788
-934465332
-1194253122
-212607085
-815546555
1048226110
569170531
-856006867
848090538
-293060240
463142405
1550217370
-101307780
-664597565
599804707
-327918414
550898518
835976347
1347433368
1052472386
-2130199671
-1227654538
1864522104
215608230
-876012764
-722894325
1407278493
-1579394494
1179783540
923419301
-308826175
603298940
-311112675
870439158
-974288740
-1180954122
-1918051016
844330594
1934825517
1852024236
2099238988
1952643559
-1172900789
-2015399333
-1574795641
-961034881
1135468152
1265272476
-634726636
696556762
403506509
-883876414
-1064150715
-1387253055
-716963152
1138089938
-561012053
-1342064661
-1693570755
1868043300
-697248883
-1295545795
914079366
395122350
-331981076
1671535231
1240683675
1241904665
-1100963799
-494565059
827308208
-1857685192
1698417709
1057653594
1810506918
451427308
824622151
1253978276
-1576080766
1508411869
1428501742
-1918967151
1261538664
1180397655
1414674366
261460130
-2027658376
-2017925037
1668610896
-2032529561
-1224479447
-319306689
-466527264
1925965142
592152676
2035612943
1568659720
1220095570
2050320631
592672421
1775876058
-842062976
-159960575
1718438689
443347049
-221807075
-1224924353
-2121967344
1394405165
-2052814106
1701289268
-1796535835
-1928802392
581564040
2117376854
-1377881127
-504675202
1906937290
-1616616027
-1799524201
269396419
-103880010
-1494913648
-1523701417
195735895
1525977990
1824470811
-890514874
-507117574
-124428919
1048471894
175962497
-1888353435
-1640783640
-1293104550
-978620457
-2039549601
1496061658
499392523
-395939522
-401740561
-1805228339
-2142560346
-212930257
-1952323495
389984559
599745705
-1871024115
-105492995
943188950
-810585513
-1140081444
-660082779
1458249413
-1370208168
154005594
527506656
767015277
1939096809
-2125340572
-1743843866
-1512986261
1254945627
411930333
1831188492
-295973913
-568677531
2047599429
1818642426
121363233
764880855
-1428643192
-1668872731
-814847053
-1054617826
1909403766
1735990218
-1772422771
-2011407088
1970727231
1796789379
1523200998
1323899940
-846816899
-1537325299
-1820089000
-2015326702
2139749749
1842108922
116650151
-2005911135
-1769253417
854691493
1086204478
851611219
1091513068
1329416008
1539235915
-104522675
142588354
812926555
-905357460
2127970567
-1264866159
1629554077
-1846679754
1292262760
-1779386385
-1633367721
-1327600182
1723095415
2013133834
-2102193800
-1754711324
834334597
-1125234127
-750422305
-1718844562
-1378440190
1947908235
-1972771543
-1524589926
-1266206361
-2100570639
166687949
686731979
446436902
1379992943
1157032667
-1107212835
-2088611616
1964815381
586682313
-1798704273
1038796206
792242250
1269588273
-371221103
-2011032091
-1855641493
-474460880
-193532243
385659812
1764153335
1927277417
-293870941
-1070266858
-1801835715
-2060284818
808968826
578111221
208811003
1124933936
886342847
-1343063303
-1582113158
-1940606018
2115376961
-1294794502
-997809055
767093387
1728961844
1228120448
-191498174
-419078879
540561290
-1368232964
-1608528041
-2097585147
-1849753200
1737862462
1952696026
746174211
997414134
271580776
-1724413081
192802802
-324685246
-783058030