-747095812
-1081451803
-1232446186
-1648927660
-1304863014
1576922578
-156745098
-441024140
-650925083
133011888
-1607682153
-1894913652
1393757853
1919748918
-1380476051
-1451024071
-430230173
455724956
-449914319
670897506
-786182815
-315730573
1802228821
157332630
1835478660
372934623
-501326705
-1810173944
1848340361
1474196698
1046942762
-332709484
1658299413
614830530
1181021470
169752047
-688768290
-1459942896
566095077
114441850
-2142493902
-1858021855
-300268604
-1530341280
1921359825
821188852
-1255648076
-605054530
874231330
294222157
-565393970
1290892874
-1740084098
-1274466381
1155251207
-1778419425
664813913
276760874
415781684
-755199304
592075073
1953795856
416134852
-1917602340
590034952
1584862051
423632692
-389441495
-1940718901
-503385713
1457215508
1299163764
1505522179
1133148717
-1377644258
-1359562501
-1459738914
1031532134
374310965
-2139463761
1716116640
-1505531654
729219509
-1539251588
1507953314
-1886269559
2020955306
-283806385
-1393656615
1826287067
483557159
-1458147123
-1104467678
-805397962
-2091018568
-941009932
-1412451274
-1534943023
-488332466
-1978608003
596316001
-2103681004
-958731381
1515298550
-252288934
614688123
-2000351603
-871580373
-764618726
-774247272
-1459355092
-2129516738
-2141984028
2029894551
-267001153
1192107944
-1405333444
1983847961
244839736
-1052312640
-357928750
296878074
-1060883544
-393029685
-962075688
-326501313
-727278527
-667112754
1131991780
2031532699
772451189
-1652796292
-2022625862
-1717656125
581643489
265295240
1481467037
-1978249822
887471412
-475361280
2014020228
1882489548
209469411
-1171924275
797866139
-1890488166
-1240902331
692650692
-1630978961
-507271141
1509710336
-266966516
543367897
1491498856
975696266
1061513000
-695202657
1454395444
1876941831
1487771192
1848090267
-1575402180
1876780262
-335572303
-1853120870
-1569615261
-1153131610
1071644672
1065353216
1028443341
1176256410
1423699487
1036831949
1008981770
1086324736
1080033280
1077936128
1056964608
-1046478848
8739086740
-355737150
-580979506
-1426452475
745417724
-1305304906
-1543175077
-811770997
-1713398555
-1082130432
1654525105
1312259490
-1762644250
-1794415470
1120403456
2208438012482
307252627
1552218390
-2095729091
1849449579
1137160120
-2005216901
970679185
382246252
2006289597
393400788
216120498
-1842686353
-1469891622
-502321359
-792359778
997614074
748799057
653048039
-1685128312
1892460036
-296738547
1170568373
543957972
1036376234
-1202555345
1596098910
-533045314
-1164942678
-2063317122
-1773720288
-227016798
-2028958832
1502197825
-402286506
-1647592474
801899620
453354631
-1634855663
1206676025
575536427
1634862418
-1280672624
-472159671
-1957636585
110135880
-1904298392
-106188732
-958706838
-881178956
1096518579
-792102059
921207440
-1149371373
1125515264
1082130432
1176255488
1123024896
4325045427
-1948815871
1133903872
-1226939934
-828834893
1092616192
67506996001
1084227584
1101004800
1073741824
1060320051
1088421888
1115815936
-1593119440
-2085313189
1227573907
-1161833819
1718520498
-1006484040
1005459521
1075838976
-1273030092
-880529684
-228877647
-585916570
190769267
1398379561
-295628664
-1157311665
988790432
1140746429
1882254284
-1021097824
1031194139
-946481156
-364624190
-199795525
-866645446
1144300534
539878179
571975921
818280646
-183978087
-395434754
-1110334219
-1382306730
1453550531
1744317449
-1679896800
-1135378931
537254313
1474183246
1445302971
1067618600
-1303831698
822107832
1045220557
-979004785
119597033
-618885793
-1943984117
-274967190
-635192905
-592022605
-1915191729
1787576850
-1076930708
-523908350
-1158693853
-1345423847
-1586921397
-1109644434
2072609373
2080374784
-2147483648
1045117007
242628503
-1829708865
-433440095
-1134853190
925407197
-1589378882
1114636288
1148846080
-1098463898
1805844857
-1519143300
-1180597171
1112014848
-862188637
-347507892
235173372
-319403771
1130132825
225778816
390620314
-2043662707
-1612659516
-1304782539
1196301501
-1964607937
-2125268726
1138851024
1848798713
-1297103179
1754365518
657241867
-126744038
1950528552
1845931212
-877963371
-1858218221
1103626240
-875716015
1626430110
964613260
-785522583
1647886517
-1256199288
-1963436932
817462737
1648487071
554788825
-2133758469
345389905
852473920
535457934
866195451
-1120664835
854126185
-1746470518
278208236
398786301
568464183
-395173800
-1502319666
-1501557515
1301167921
-538006270
815879628
-1808679045
1035473541
-1273554963
1555434750
1876055757
1568704524
1707999517
1943054478
1467980301
1351790032
-1650444620
968344509
1640596832
2001522426
1393952729
818790301
948740834
1118780464
-676709688
651581727
1026583336
-1634582150
-584843194
1815791016
-1310450530
1066192077
1109393408
349628053
-1544577870
-955194636
-635256182
713668775
-374937855
1040187392
874970509
2432524127
-1093740265
-1086324736
-1111993876
1597255969
666930369
365015981
-884803471
-1855746761
782952727
-769150882
-1535781637
-1860946021
588062221
-1299392133
1069547520
-893867709
1048576000
1179117826
537992046
-1988820521
805839021
2139876785
-2127272245
1269593470
-249873544
1112802840
-1926131466
-420401959
461257239
-1737187390
-1880553180
489303882
-1634922370
-1054078030
1406998518
1128792064
1443296302
1132068864
750871581
766526323
1711471446
-821344206
-1628917549
264393301
1715697304
-155327337
-1285013058
-1094177627
1264126889
-579043646
2068232770
1315480201
-980643760
344139310
426439576
-315914652
-1413461985
-1833860512
-1723077437
1673236337
2108234284
-739932302
-576067948
244232650
357925343
-1018905335
-1859646258
-297730813
-1564914501
9853296731
-1294064142
-399819255
746340429
754615490
-886368739
-149943274
-553402192
1253452001
-1755491431
957786634
134217728
1992968846
773564670
682985101
-1701692212
-163457395
-1412701404
-1348555951
-197740536
1726668277
-897111558
1496367840
-207913414
478352891
-515263000
1785846048
-2120843997
207387849
-196819768
-275944640
-1526509349
-761963282
-1316591359
1354987415
663093519
-498267839
181719256197
-1535523991
-1697146966
-478542030
-736791602
419800513
-829097151
287993374
1318109140
397731595
-1621784842
-924210258
1569794095
462608346
-278510267
-1293435817
-1659520475
-1272390353
-835664728
1072902963
-1830957326
701433751
-839590529
-1731548750
1844968929
-1332728730
-831454114
-510198691
-850297695
1316161270
1023703758
1045499606
1697066635
1144169546
1804701345
1403601067
-2031139496
1796834809
-281080954
183249434
758345384
-1069262641
1968521986
-2143706301
-1403421822
-1950137670
1226259807
1090833557
897332612
1095946640
801975945
-167996547
-1935818563
1891185217
1236591681
1980808685
1352749757
-566554453
1284749450
261851994
217646625
1801139578
-2123275866
1312689981
-595055661
-265260897
-1284867488
302307081
-681886015
-2086556500
-1496386696
-2097039789
-2127416656
-1986583853
776026812
698422331
535076355
474675599
-1978427516
-1700375831
613961892
-272570634
-1040675994
1201219326
1736361794
1113956670
-1361617046
-1871080926
1168079979
1206354175
-1038180727
1200466273
1391004277
-459199009
-288764223
-252283844
-826072862
763780711
-874851305
-1480820165
949391213
212192855
-126474752
1765671336
792295685
563273144
-726993043
178228075
1852297978
-565026078
1646172266
204467342
2047070410
1417775309
-106474626
1840510598
1382825971
232536303
1267246609
-1900237971
2077901353
-2102079126
-1905793212
-1797032505
-1727188163
-562748873
1976429759
1341041543
-1631467220
-1788473129
-1831288286
963876966
1773088812
-1332101528
-1811763714
1608500665
-1456048340
943854909
-925491840
1999872275
1538555582
-961994186
-1772472848
-358302761
-1237936041
1487374207
-199126299
-897071863
-864465775
-208439480
-1001088805
756894459
476981677
2081647379
169965357
311232516
-1563127729
759145763
-461898059
1259065971
-884051216
243782214
714115627
1668106976
1382347031
-966790948
-2068750132
-1716533184
2146505927
1874948872
-1965020851
1951546856
-431382051
-293975210
-785215289
-366143778
440819155
-588495243
1815504139
1344911780
-320891223
1511747875
-1517722103
-1093199712
1902048492
-444768985
404057594
-1417472813
-1376084479
457472151
1071759151
-2119023917
-1488490473
-511187813
-248569395
989443413
2022251829
649820567
537455378
1121431731
-1437380438
-946336965
1893144650
435841678
948508314
-1796714665
-1155247245
782482084
-1194470801
-2129698061
1487704245
1529812051
904342475
-795418380
-1502457334
-1994188940
-621770121
1018580481
421926217
-1331552374
-293141277
506750037
1496005418
-1863079210
-2018911784
667682830
1876735830
-2112857171
2046930518
1208502884
1986432421
-722798986
204301578
-320140460
-920027322
-2007378629
418772613
1679064921
412198396
-1053755588
1333960556
1750120734
1661506222
-2116116146
-1670085357
-1984782235
1548197805
1252576609
1528098484
-979045660
1909041158
-1175948474
270540800
-649242409
690584884
-1636175450
-138350921
-1159566286
-556608820
-1402687483
-401929277
1924582434
1429513766
-1742367823
1852683340
718469467
323606053
-461129047
-283425237
181550506
664194822
1983458449
1334658487
980726932
939907746
2138977496
787212877
627031665
-430894719
-294598082
-2100029000
968151281
1250500863
210751841
472386554
-614941005
-544423649
1990888653
841723217
860257085
-1827353931
1230953670
721743520
1928908688
-1389155258
777706678
577103188
-351734117
633381844
500216265
315726795
-2069627026
-449920894
-688315369
-910423651
999845208
-184885214
-414628673
-642504299
-1545158297
-1254595574
1626848138
-489341117
-327396719
1128003138
1593865956
-194960989
304766261
-1353862035
-207536873
1072049241
-1766663691
-1155063075
1908477970
-199060273
489253432
795086509
-105864377
200165314
1677031375
1984535675
849648283
953788165
1318408828
1691320048
427649113
-1537514669
600826426
378881989
942560409
405003206
-1782422910
-1811456244
279877222
270858397
1259451318
1078697514
-888786019
-1521260488
561209474
-2073699514
-1688270524
1645942449
-1881345484
1033784760
1801005357
327022968
690300106
439654277
1599513032
1026645374
-2059768433
1393527098
-1748757854
1970458112
-1102979171
1812993824
394338472
-1995004040
-1928940176
1791239368
-300095184
548647789
-688917124
-331307338
-579696358
-795611299
-1040264653
-286053357
-504884739
-133784918
1906257130
-798222080
-442437494
320271598
269661324
9034162368
1476056117
290327540
-268435456
268435455
1499591406
-1505466090
2012870641
1904358463
289098304
491221766
-1085924656
-1935908936
1814420683
207520818
268435504
534621945
-457131900
-1209329220
-1214243177
1120685857
6520288061
271401846
1074272427
1093140480
43998228229
419615486
663790845
1344549371
2029217702
1884872695
1555999200
1108082688
1785177548
536870912
268435456
-1146898486
-258271821
1830317648
-198491687
-1602143374
704362450
0.001388889
0.0009259259
1860847426
1676381454
959761548
-482815542
-1990561665
-891234296
-1350601671
427189399
2040597473
711794453
-1357982869
654913086
1203981056
1152319488
1137180672
-258666538
1473729112
679931529
-1990183841
2131309714
1210944597
-675158947
-1261227861
1184127676
-2061511942
-1168085228
-2105389038
-978889113
887436501
1779900232
1090230363
906783243
1452778049
-1558535687
605522539
2064649238
-225779970
-1603643620
-1413487868
465617672
-664240901
2123248618
-1376429730
211261077
-779640714
333688626
1184246191
853633277
-948648419
-675544753
-802867954
-2053953039
521808240
1043675360
-1494927090
-1334817410
-1334620800
1691792976
-557146095
-1542219060
-693051863
1086853905
978008641
361296041
2082291103
2060158420
1762075743
-1102348901
-309342924
-854106673
1431165458
1561697334
-287117190
735926241
-1001879343
-503392951
1689042312
1622617611
-144065466
923548566
-1330929520
-104419799
1481334539
1451670900
108587959
665993525
1785243678
2040481435
-586014464
-924777432
-2050745227
2052293944
-1121973548
1355427440
-1645357950
139661647
320808683
1817041223
-979598426
-695526893
-380906832
-1571897224
-2101993413
1684213996
-148359306
993990561
-1237331673
456150551
-1616226555
-200276274
-1321946741
-378796423
646414519
1290081496
2134952631
-667733386
1626372568
1100715099
-1050297663
-818353593
-1033820921
1678944065
183628986
266329404
962903813
1874339751
-1421663729
2066263971
-579736112
908816193
-1813535367
-286041193
546077535
2060837813
-853632320
-1802215082
2082069102
851760338
2107887651
1652005275
625186562
1998711527
-1308138676
-197910696
481748657
-937165798
1917201302
-1093320895
-1392113216
2082335140
463679676
560675770
510811171
-1877021049
-190675437
489680504
-333371252
-606779525
-721945579
165851274
673634335
1821773280
-579614639
-522114287
-973415133
506328157
1738037329
-1564514525
1115203494
106285031
-1507971820
-1717897145
494227972
-1011675287
1031468061
1436896760
1663604177
-393291546
-1433968442
193736350
-1673665405
1686929951
938500758
680372824
-1463207620
402531967
765961690
1689536818
1324825358
-1942147992
-1652495122
1902558538
-680687811
-748439094
560777268
-1003644442
-788753717
-802638361
1791760933
791591422
-1255963777
1879355433
-1371372177
620156114
1972181794
263457470
-248599159
-1871889645
402112378
1283718111
-1818214114
139421579
1412165819
1098907648
2006544302
-834949342